value=-0.326773
adjoint=-0.528493
second-order adjoint=0.326773
