value=-0.787153
adjoint=1.86514
second-order adjoint=0.787153
