dvdc[0]=0
dvdc[1]=11.7273735750932
dvdc[2]=124.780647750478
dvdc[3]=1083.96128701279
dvdc[4]=8234.34481912944
dvdc[5]=55335.6941452206
dvdc[6]=346348.797804168
dvdc[7]=2025952.78386432
dvdc[8]=6942230.02972907
dvdc[9]=0
