ddx/dp[0]dp[0]=0
ddx/dp[0]dp[1]=0
ddx/dp[0]dp[2]=0
ddx/dp[0]dp[3]=0
ddx/dp[0]dp[4]=0
ddx/dp[0]dp[5]=0
ddx/dp[0]dp[6]=0
ddx/dp[0]dp[7]=0
ddx/dp[0]dp[8]=0
ddx/dp[0]dp[9]=0
ddx/dp[1]dp[0]=0
ddx/dp[1]dp[1]=0.000229457
ddx/dp[1]dp[2]=0.000187622
ddx/dp[1]dp[3]=0.000273376
ddx/dp[1]dp[4]=0.000345744
ddx/dp[1]dp[5]=0.000396451
ddx/dp[1]dp[6]=0.00041516
ddx/dp[1]dp[7]=0.000390124
ddx/dp[1]dp[8]=0.000310378
ddx/dp[1]dp[9]=0.000169658
ddx/dp[2]dp[0]=0
ddx/dp[2]dp[1]=0.000187622
ddx/dp[2]dp[2]=0.000914248
ddx/dp[2]dp[3]=0.000549311
ddx/dp[2]dp[4]=0.000694724
ddx/dp[2]dp[5]=0.000796613
ddx/dp[2]dp[6]=0.000834207
ddx/dp[2]dp[7]=0.0007839
ddx/dp[2]dp[8]=0.000623661
ddx/dp[2]dp[9]=0.000340905
ddx/dp[3]dp[0]=0
ddx/dp[3]dp[1]=0.000273376
ddx/dp[3]dp[2]=0.000549311
ddx/dp[3]dp[3]=0.00200812
ddx/dp[3]dp[4]=0.00104238
ddx/dp[3]dp[5]=0.00119526
ddx/dp[3]dp[6]=0.00125167
ddx/dp[3]dp[7]=0.00117619
ddx/dp[3]dp[8]=0.00093576
ddx/dp[3]dp[9]=0.000511504
ddx/dp[4]dp[0]=0
ddx/dp[4]dp[1]=0.000345744
ddx/dp[4]dp[2]=0.000694724
ddx/dp[4]dp[3]=0.00104238
ddx/dp[4]dp[4]=0.00339148
ddx/dp[4]dp[5]=0.00158541
ddx/dp[4]dp[6]=0.00166023
ddx/dp[4]dp[7]=0.00156011
ddx/dp[4]dp[8]=0.0012412
ddx/dp[4]dp[9]=0.000678464
ddx/dp[5]dp[0]=0
ddx/dp[5]dp[1]=0.000396451
ddx/dp[5]dp[2]=0.000796613
ddx/dp[5]dp[3]=0.00119526
ddx/dp[5]dp[4]=0.00158541
ddx/dp[5]dp[5]=0.00484389
ddx/dp[5]dp[6]=0.00204986
ddx/dp[5]dp[7]=0.00192624
ddx/dp[5]dp[8]=0.00153249
ddx/dp[5]dp[9]=0.000837689
ddx/dp[6]dp[0]=0
ddx/dp[6]dp[1]=0.00041516
ddx/dp[6]dp[2]=0.000834207
ddx/dp[6]dp[3]=0.00125167
ddx/dp[6]dp[4]=0.00166023
ddx/dp[6]dp[5]=0.00204986
ddx/dp[6]dp[6]=0.00602007
ddx/dp[6]dp[7]=0.00226176
ddx/dp[6]dp[8]=0.00179943
ddx/dp[6]dp[9]=0.000983601
ddx/dp[7]dp[0]=0
ddx/dp[7]dp[1]=0.000390124
ddx/dp[7]dp[2]=0.0007839
ddx/dp[7]dp[3]=0.00117619
ddx/dp[7]dp[4]=0.00156011
ddx/dp[7]dp[5]=0.00192624
ddx/dp[7]dp[6]=0.00226176
ddx/dp[7]dp[7]=0.00645718
ddx/dp[7]dp[8]=0.00202854
ddx/dp[7]dp[9]=0.00110884
ddx/dp[8]dp[0]=0
ddx/dp[8]dp[1]=0.000310378
ddx/dp[8]dp[2]=0.000623661
ddx/dp[8]dp[3]=0.00093576
ddx/dp[8]dp[4]=0.0012412
ddx/dp[8]dp[5]=0.00153249
ddx/dp[8]dp[6]=0.00179943
ddx/dp[8]dp[7]=0.00202854
ddx/dp[8]dp[8]=0.00566182
ddx/dp[8]dp[9]=0.00120432
ddx/dp[9]dp[0]=0
ddx/dp[9]dp[1]=0.000169658
ddx/dp[9]dp[2]=0.000340905
ddx/dp[9]dp[3]=0.000511504
ddx/dp[9]dp[4]=0.000678464
ddx/dp[9]dp[5]=0.000837689
ddx/dp[9]dp[6]=0.000983601
ddx/dp[9]dp[7]=0.00110884
ddx/dp[9]dp[8]=0.00120432
ddx/dp[9]dp[9]=0.00331695
