d2vdc2[0][0]=0
d2vdc2[0][1]=0
d2vdc2[0][2]=0
d2vdc2[0][3]=0
d2vdc2[0][4]=0
d2vdc2[0][5]=0
d2vdc2[0][6]=0
d2vdc2[0][7]=0
d2vdc2[0][8]=0
d2vdc2[0][9]=0
d2vdc2[1][0]=0
d2vdc2[1][1]=-423.68420047313
d2vdc2[1][2]=1069.44950915873
d2vdc2[1][3]=977.780626891181
d2vdc2[1][4]=969.719927075785
d2vdc2[1][5]=969.073632550862
d2vdc2[1][6]=969.024896245581
d2vdc2[1][7]=968.973579927744
d2vdc2[1][8]=960.910411156745
d2vdc2[1][9]=0
d2vdc2[2][0]=0
d2vdc2[2][1]=1069.44950913265
d2vdc2[2][2]=-4730.45706260204
d2vdc2[2][3]=11194.3228957243
d2vdc2[2][4]=10217.8135729199
d2vdc2[2][5]=10123.9316167363
d2vdc2[2][6]=10115.636183237
d2vdc2[2][7]=10114.2203781908
d2vdc2[2][8]=10012.9481383632
d2vdc2[2][9]=0
d2vdc2[3][0]=0
d2vdc2[3][1]=977.780626891181
d2vdc2[3][2]=11194.3228956684
d2vdc2[3][3]=-45603.8952203989
d2vdc2[3][4]=95934.5484356806
d2vdc2[3][5]=86786.8620824423
d2vdc2[3][6]=85795.7549326681
d2vdc2[3][7]=85684.0833256436
d2vdc2[3][8]=84598.6072536189
d2vdc2[3][9]=0
d2vdc2[4][0]=0
d2vdc2[4][1]=969.719927075435
d2vdc2[4][2]=10217.8135729209
d2vdc2[4][3]=95934.5484356768
d2vdc2[4][4]=-388932.198736921
d2vdc2[4][5]=720851.911974322
d2vdc2[4][6]=644693.492312245
d2vdc2[4][7]=634665.39453158
d2vdc2[4][8]=622912.785249944
d2vdc2[4][9]=0
d2vdc2[5][0]=0
d2vdc2[5][1]=969.073632550862
d2vdc2[5][2]=10123.9316167363
d2vdc2[5][3]=86786.862082446
d2vdc2[5][4]=720851.911974326
d2vdc2[5][5]=-2932406.0441988
d2vdc2[5][6]=4912734.74269864
d2vdc2[5][7]=4338615.97188485
d2vdc2[5][8]=4136483.41115558
d2vdc2[5][9]=0
d2vdc2[6][0]=0
d2vdc2[6][1]=969.024896245552
d2vdc2[6][2]=10115.636183237
d2vdc2[6][3]=85795.7549326657
d2vdc2[6][4]=644693.492312241
d2vdc2[6][5]=4912734.7426986
d2vdc2[6][6]=-20017230.5129929
d2vdc2[6][7]=33434220.0266818
d2vdc2[6][8]=28141396.979656
d2vdc2[6][9]=0
d2vdc2[7][0]=0
d2vdc2[7][1]=968.973579927736
d2vdc2[7][2]=10114.2203781908
d2vdc2[7][3]=85684.0833256432
d2vdc2[7][4]=634665.394531582
d2vdc2[7][5]=4338615.97188486
d2vdc2[7][6]=33434220.0266817
d2vdc2[7][7]=-127770798.880676
d2vdc2[7][8]=202202596.952619
d2vdc2[7][9]=0
d2vdc2[8][0]=0
d2vdc2[8][1]=960.910411156741
d2vdc2[8][2]=10012.9481383633
d2vdc2[8][3]=84598.6072536187
d2vdc2[8][4]=622912.785249945
d2vdc2[8][5]=4136483.4111556
d2vdc2[8][6]=28141396.979656
d2vdc2[8][7]=202202596.952619
d2vdc2[8][8]=-667532420.370471
d2vdc2[8][9]=0
d2vdc2[9][0]=0
d2vdc2[9][1]=0
d2vdc2[9][2]=0
d2vdc2[9][3]=0
d2vdc2[9][4]=0
d2vdc2[9][5]=0
d2vdc2[9][6]=0
d2vdc2[9][7]=0
d2vdc2[9][8]=0
d2vdc2[9][9]=0
