y=1.93306817908045
1.08479861933073
xa=1.28017168447305
