dx/dp[497]=0.000636433
dx/dp[498]=0.000637576
dx/dp[499]=0.000638718
dx/dp[500]=0.00063986
dx/dp[501]=0.000641
dx/dp[502]=0.00064214
