ddx/dp[49]dp[49]=4.34577e-05
ddx/dp[49]dp[50]=1.71089e-05
ddx/dp[50]dp[49]=1.71089e-05
ddx/dp[50]dp[50]=4.47534e-05
