dvdc[0]=0
dvdc[1]=11.7273735736962
dvdc[2]=124.78064774978
dvdc[3]=1083.96128701139
dvdc[4]=8234.34481912735
dvdc[5]=55335.6941452187
dvdc[6]=346348.797804167
dvdc[7]=2025952.78386432
dvdc[8]=6942230.02972907
dvdc[9]=0
