dvdc[0]=0
dvdc[1]=10.9375
dvdc[2]=124.12109375
dvdc[3]=1084.27734375
dvdc[4]=8234.5703125
dvdc[5]=55338.18359375
dvdc[6]=346353.02734375
dvdc[7]=2025955.37109375
dvdc[8]=6942230.6640625
dvdc[9]=0
