Y=32.9949388734876 in (30.7933770452859, 35.1965007016893)
dY/dX[0]=0.981372625487191
dY/dX[1]=35.8757700238909
dY/dX[2]=-0.891368490457535
dY/dX[3]=3.66658449172974
dY/dX[4]=0.572819709777832
dY/dX[5]=2.24312114715576
dY/dX[6]=8.78397369384766
dY/dX[7]=-0.119495630264282
dY/dX[8]=-0.467973709106445
dY/dX[9]=-1.83258533477783
