y=-2.79401891249195
hessian[0][0]=-101.16665193536
hessian[0][1]=0
hessian[0][2]=0
hessian[0][3]=0
hessian[1][0]=50.5833259676801
hessian[1][1]=-17.9851213004773
hessian[1][2]=0
hessian[1][3]=0
hessian[2][0]=11.0250455417415
hessian[2][1]=-5.01252277087075
hessian[2][2]=0
hessian[2][3]=0
hessian[3][0]=-90.1416063936187
hessian[3][1]=50.5833259676801
hessian[3][2]=11.0250455417415
hessian[3][3]=-101.16665193536
y=-2.79401891249195
hessian[0][0]=-101.16665193536
hessian[0][1]=0
hessian[0][2]=0
hessian[0][3]=0
hessian[1][0]=50.5833259676801
hessian[1][1]=-17.9851213004773
hessian[1][2]=0
hessian[1][3]=0
hessian[2][0]=11.0250455417415
hessian[2][1]=-5.01252277087075
hessian[2][2]=0
hessian[2][3]=0
hessian[3][0]=-90.1416063936187
hessian[3][1]=50.5833259676801
hessian[3][2]=11.0250455417415
hessian[3][3]=-101.16665193536
