Y=32.863300604115
dY/dX[0]=0.982720153672355
dY/dX[1]=35.9146867479597
dY/dX[2]=-0.897223955392838
dY/dX[3]=3.49223780632019
dY/dX[4]=0.473742485046387
dY/dX[5]=1.87552285194397
dY/dX[6]=7.44670486450195
dY/dX[7]=-0.0990774631500244
dY/dX[8]=-0.39258599281311
dY/dX[9]=-1.56013488769531
