dvdc[0]=0
dvdc[1]=11.7273735748959
dvdc[2]=124.780647750412
dvdc[3]=1083.96128701263
dvdc[4]=8234.3448191286
dvdc[5]=55335.6941452195
dvdc[6]=346348.797804167
dvdc[7]=2025952.78386432
dvdc[8]=6942230.02972906
dvdc[9]=0
