dvdc[0][0]=0
dvdc[0][1]=0
dvdc[0][2]=0
dvdc[0][3]=0
dvdc[0][4]=0
dvdc[0][5]=0
dvdc[0][6]=0
dvdc[0][7]=0
dvdc[0][8]=0
dvdc[0][9]=0
dvdc[1][0]=0
dvdc[1][1]=-423.684200456587
dvdc[1][2]=1069.44950915494
dvdc[1][3]=977.780626889014
dvdc[1][4]=969.719927075758
dvdc[1][5]=969.073632550814
dvdc[1][6]=969.02489624556
dvdc[1][7]=968.973579927737
dvdc[1][8]=960.910411156741
dvdc[1][9]=0
dvdc[2][0]=0
dvdc[2][1]=1069.44950915497
dvdc[2][2]=-4730.45706258891
dvdc[2][3]=11194.3228957187
dvdc[2][4]=10217.8135729249
dvdc[2][5]=10123.9316167363
dvdc[2][6]=10115.6361832369
dvdc[2][7]=10114.2203781908
dvdc[2][8]=10012.9481383633
dvdc[2][9]=0
dvdc[3][0]=0
dvdc[3][1]=977.780626889014
dvdc[3][2]=11194.3228957186
dvdc[3][3]=-45603.8952203761
dvdc[3][4]=95934.5484356756
dvdc[3][5]=86786.8620824438
dvdc[3][6]=85795.7549326663
dvdc[3][7]=85684.0833256431
dvdc[3][8]=84598.6072536187
dvdc[3][9]=0
dvdc[4][0]=0
dvdc[4][1]=969.719927075758
dvdc[4][2]=10217.8135729249
dvdc[4][3]=95934.5484356756
dvdc[4][4]=-388932.198736914
dvdc[4][5]=720851.911974315
dvdc[4][6]=644693.492312244
dvdc[4][7]=634665.394531582
dvdc[4][8]=622912.785249945
dvdc[4][9]=0
dvdc[5][0]=0
dvdc[5][1]=969.073632550814
dvdc[5][2]=10123.9316167363
dvdc[5][3]=86786.8620824438
dvdc[5][4]=720851.911974315
dvdc[5][5]=-2932406.04419882
dvdc[5][6]=4912734.74269862
dvdc[5][7]=4338615.97188486
dvdc[5][8]=4136483.4111556
dvdc[5][9]=0
dvdc[6][0]=0
dvdc[6][1]=969.02489624556
dvdc[6][2]=10115.6361832369
dvdc[6][3]=85795.7549326663
dvdc[6][4]=644693.492312244
dvdc[6][5]=4912734.74269862
dvdc[6][6]=-20017230.5129929
dvdc[6][7]=33434220.0266818
dvdc[6][8]=28141396.979656
dvdc[6][9]=0
dvdc[7][0]=0
dvdc[7][1]=968.973579927737
dvdc[7][2]=10114.2203781908
dvdc[7][3]=85684.0833256431
dvdc[7][4]=634665.394531582
dvdc[7][5]=4338615.97188486
dvdc[7][6]=33434220.0266818
dvdc[7][7]=-127770798.880676
dvdc[7][8]=202202596.952619
dvdc[7][9]=0
dvdc[8][0]=0
dvdc[8][1]=960.910411156741
dvdc[8][2]=10012.9481383633
dvdc[8][3]=84598.6072536187
dvdc[8][4]=622912.785249945
dvdc[8][5]=4136483.4111556
dvdc[8][6]=28141396.979656
dvdc[8][7]=202202596.952619
dvdc[8][8]=-667532420.370471
dvdc[8][9]=0
dvdc[9][0]=0
dvdc[9][1]=0
dvdc[9][2]=0
dvdc[9][3]=0
dvdc[9][4]=0
dvdc[9][5]=0
dvdc[9][6]=0
dvdc[9][7]=0
dvdc[9][8]=0
dvdc[9][9]=0
