d2vdc2[0][0]=0
d2vdc2[0][1]=0
d2vdc2[0][2]=0
d2vdc2[0][3]=0
d2vdc2[0][4]=0
d2vdc2[0][5]=0
d2vdc2[0][6]=0
d2vdc2[0][7]=0
d2vdc2[0][8]=0
d2vdc2[0][9]=0
d2vdc2[1][0]=0
d2vdc2[1][1]=-419.921875
d2vdc2[1][2]=961.9140625
d2vdc2[1][3]=1035.15625
d2vdc2[1][4]=932.6171875
d2vdc2[1][5]=947.265625
d2vdc2[1][6]=932.6171875
d2vdc2[1][7]=971.6796875
d2vdc2[1][8]=981.4453125
d2vdc2[1][9]=0
d2vdc2[2][0]=0
d2vdc2[2][1]=961.9140625
d2vdc2[2][2]=-4545.8984375
d2vdc2[2][3]=11123.046875
d2vdc2[2][4]=10297.8515625
d2vdc2[2][5]=10156.25
d2vdc2[2][6]=10126.953125
d2vdc2[2][7]=10092.7734375
d2vdc2[2][8]=9980.46875
d2vdc2[2][9]=0
d2vdc2[3][0]=0
d2vdc2[3][1]=1035.15625
d2vdc2[3][2]=11123.046875
d2vdc2[3][3]=-45258.7890625
d2vdc2[3][4]=96083.984375
d2vdc2[3][5]=86928.7109375
d2vdc2[3][6]=85776.3671875
d2vdc2[3][7]=85683.59375
d2vdc2[3][8]=84560.546875
d2vdc2[3][9]=0
d2vdc2[4][0]=0
d2vdc2[4][1]=932.6171875
d2vdc2[4][2]=10297.8515625
d2vdc2[4][3]=96083.984375
d2vdc2[4][4]=-388574.21875
d2vdc2[4][5]=720971.6796875
d2vdc2[4][6]=644863.28125
d2vdc2[4][7]=634663.0859375
d2vdc2[4][8]=622895.5078125
d2vdc2[4][9]=0
d2vdc2[5][0]=0
d2vdc2[5][1]=947.265625
d2vdc2[5][2]=10156.25
d2vdc2[5][3]=86928.7109375
d2vdc2[5][4]=720971.6796875
d2vdc2[5][5]=-2931787.109375
d2vdc2[5][6]=4912958.984375
d2vdc2[5][7]=4338969.7265625
d2vdc2[5][8]=4136499.0234375
d2vdc2[5][9]=0
d2vdc2[6][0]=0
d2vdc2[6][1]=932.6171875
d2vdc2[6][2]=10126.953125
d2vdc2[6][3]=85776.3671875
d2vdc2[6][4]=644863.28125
d2vdc2[6][5]=4912958.984375
d2vdc2[6][6]=-20016718.75
d2vdc2[6][7]=33434633.7890625
d2vdc2[6][8]=28141367.1875
d2vdc2[6][9]=0
d2vdc2[7][0]=0
d2vdc2[7][1]=971.6796875
d2vdc2[7][2]=10092.7734375
d2vdc2[7][3]=85683.59375
d2vdc2[7][4]=634663.0859375
d2vdc2[7][5]=4338969.7265625
d2vdc2[7][6]=33434633.7890625
d2vdc2[7][7]=-127770517.578125
d2vdc2[7][8]=202202856.445312
d2vdc2[7][9]=0
d2vdc2[8][0]=0
d2vdc2[8][1]=981.4453125
d2vdc2[8][2]=9980.46875
d2vdc2[8][3]=84560.546875
d2vdc2[8][4]=622895.5078125
d2vdc2[8][5]=4136499.0234375
d2vdc2[8][6]=28141367.1875
d2vdc2[8][7]=202202856.445312
d2vdc2[8][8]=-667532397.460938
d2vdc2[8][9]=0
d2vdc2[9][0]=0
d2vdc2[9][1]=0
d2vdc2[9][2]=0
d2vdc2[9][3]=0
d2vdc2[9][4]=0
d2vdc2[9][5]=0
d2vdc2[9][6]=0
d2vdc2[9][7]=0
d2vdc2[9][8]=0
d2vdc2[9][9]=0
