Y=32.9949388734876 in (30.7933770452859, 35.1965007016893)
dY/dX[0]=0.981372602663429
dY/dX[1]=35.8757832167402
dY/dX[2]=-0.89136849183009
dY/dX[3]=3.6665864949025
dY/dX[4]=0.572814937203242
dY/dX[5]=2.243122470432
dY/dX[6]=8.78400140808308
dY/dX[7]=-0.119495237804556
dY/dX[8]=-0.467973338110067
dY/dX[9]=-1.83258238824319
