Y=32.863300604115
dY/dX[0]=0.982720113527358
dY/dX[1]=35.9152064252876
dY/dX[2]=-0.897224009740211
dY/dX[3]=3.49227452832812
dY/dX[4]=0.47372331290313
dY/dX[5]=1.87552595323273
dY/dX[6]=7.44670197814155
dY/dX[7]=-0.0990724047783867
dY/dX[8]=-0.392587581924768
dY/dX[9]=-1.56013053800245
