Y=32.9949388734876 in (30.7933770452859, 35.1965007016893)
dY/dX[0]=0.981372602663428
dY/dX[1]=35.8757832167399
dY/dX[2]=-0.891368491830103
dY/dX[3]=3.6665864949025
dY/dX[4]=0.572814937203238
dY/dX[5]=2.24312247043202
dY/dX[6]=8.78400140808307
dY/dX[7]=-0.119495237804557
dY/dX[8]=-0.467973338110075
dY/dX[9]=-1.83258238824319
