Y=32.863300604115
dY/dX[0]=0.982720113527359
dY/dX[1]=35.9152064252886
dY/dX[2]=-0.89722400974021
dY/dX[3]=3.49227452832802
dY/dX[4]=0.473723312903101
dY/dX[5]=1.87552595323272
dY/dX[6]=7.44670197814078
dY/dX[7]=-0.0990724047783736
dY/dX[8]=-0.392587581924747
dY/dX[9]=-1.56013053800235
