y[0]=-0.51760396401917
y[1]=-0.545439894339691
y[2]=-0.0199095921060605
y[3]=-0.464288253097767
y[4]=-0.556768810078579
y[5]=-0.0777566319033711
y[6]=-0.382274030675476
y[7]=-0.560137181820649
y[8]=-0.166617488276377
y[9]=-0.27934018384007
y[10]=-0.560727869213813
y[11]=-0.272579028612201
